# False Positive Rate, True Positive Rate, ROC Thresholds
0.000000 0.000000 0.631794
0.000000 0.001477 -0.368206
0.001499 0.001477 -0.371063
0.001499 0.017725 -0.377712
0.002999 0.017725 -0.377865
0.002999 0.020679 -0.378218
0.004498 0.020679 -0.378920
0.004498 0.025111 -0.379240
0.005997 0.025111 -0.379392
0.005997 0.029542 -0.379940
0.007496 0.029542 -0.380002
0.007496 0.047267 -0.382513
0.008996 0.047267 -0.382586
0.008996 0.059084 -0.383872
0.010495 0.059084 -0.383923
0.010495 0.067947 -0.384597
0.011994 0.067947 -0.384686
0.011994 0.069424 -0.385413
0.013493 0.069424 -0.385440
0.013493 0.082718 -0.386838
0.014993 0.082718 -0.386867
0.014993 0.084195 -0.386988
0.016492 0.084195 -0.387160
0.016492 0.088626 -0.387832
0.017991 0.088626 -0.387927
0.017991 0.093058 -0.388093
0.019490 0.093058 -0.388150
0.019490 0.100443 -0.388604
0.020990 0.100443 -0.388628
0.020990 0.103397 -0.388777
0.022489 0.103397 -0.388852
0.022489 0.110783 -0.390019
0.023988 0.110783 -0.390091
0.023988 0.113737 -0.390153
0.025487 0.113737 -0.390209
0.025487 0.115214 -0.390430
0.029985 0.115214 -0.390567
0.029985 0.119645 -0.390866
0.032984 0.119645 -0.391079
0.032984 0.134417 -0.392018
0.035982 0.134417 -0.392302
0.035982 0.135894 -0.392408
0.037481 0.135894 -0.392439
0.037481 0.150665 -0.393762
0.040480 0.150665 -0.393870
0.040480 0.158050 -0.394268
0.044978 0.158050 -0.394441
0.044978 0.161004 -0.394528
0.046477 0.161004 -0.394548
0.046477 0.165436 -0.394691
0.047976 0.165436 -0.394839
0.047976 0.180207 -0.396111
0.049475 0.180207 -0.396121
0.049475 0.181684 -0.396153
0.052474 0.181684 -0.396416
0.052474 0.189069 -0.397060
0.053973 0.189069 -0.397200
0.053973 0.199409 -0.397841
0.055472 0.199409 -0.397931
0.055472 0.205318 -0.398121
0.058471 0.205318 -0.398308
0.058471 0.215657 -0.398531
0.059970 0.215657 -0.398734
0.059970 0.223043 -0.399113
0.061469 0.223043 -0.399148
0.061469 0.228951 -0.399452
0.062969 0.228951 -0.399470
0.062969 0.230428 -0.399579
0.064468 0.230428 -0.399619
0.064468 0.236337 -0.400106
0.065967 0.236337 -0.400124
0.065967 0.245199 -0.400558
0.067466 0.245199 -0.400595
0.067466 0.249631 -0.400690
0.068966 0.249631 -0.400836
0.068966 0.252585 -0.401003
0.070465 0.252585 -0.401069
0.070465 0.258493 -0.401214
0.071964 0.258493 -0.401301
0.071964 0.262925 -0.401443
0.074963 0.262925 -0.401469
0.074963 0.276219 -0.402195
0.076462 0.276219 -0.402369
0.076462 0.280650 -0.402710
0.077961 0.280650 -0.402761
0.077961 0.289513 -0.403390
0.079460 0.289513 -0.403557
0.079460 0.295421 -0.403718
0.080960 0.295421 -0.403726
0.080960 0.298375 -0.404323
0.082459 0.298375 -0.404408
0.082459 0.299852 -0.404430
0.083958 0.299852 -0.404467
0.083958 0.301329 -0.404500
0.085457 0.301329 -0.404638
0.085457 0.302806 -0.404781
0.086957 0.302806 -0.404796
0.086957 0.314623 -0.405243
0.089955 0.314623 -0.405311
0.089955 0.327917 -0.406189
0.092954 0.327917 -0.406279
0.092954 0.329394 -0.406304
0.095952 0.329394 -0.406418
0.095952 0.336780 -0.406901
0.098951 0.336780 -0.407090
0.098951 0.341211 -0.407155
0.100450 0.341211 -0.407164
0.100450 0.342688 -0.407230
0.104948 0.342688 -0.407427
0.104948 0.347120 -0.407567
0.106447 0.347120 -0.407576
0.106447 0.348597 -0.407577
0.109445 0.348597 -0.407717
0.109445 0.351551 -0.407859
0.110945 0.351551 -0.407883
0.110945 0.360414 -0.408190
0.112444 0.360414 -0.408204
0.112444 0.361891 -0.408215
0.115442 0.361891 -0.408253
0.115442 0.367799 -0.408501
0.116942 0.367799 -0.408621
0.116942 0.370753 -0.408743
0.118441 0.370753 -0.408779
0.118441 0.372230 -0.408836
0.119940 0.372230 -0.408979
0.119940 0.373708 -0.409096
0.121439 0.373708 -0.409099
0.121439 0.388479 -0.409988
0.124438 0.388479 -0.410107
0.124438 0.389956 -0.410240
0.127436 0.389956 -0.410314
0.127436 0.391433 -0.410332
0.131934 0.391433 -0.410387
0.131934 0.392910 -0.410409
0.133433 0.392910 -0.410435
0.133433 0.394387 -0.410494
0.134933 0.394387 -0.410661
0.134933 0.401773 -0.411010
0.139430 0.401773 -0.411128
0.139430 0.404727 -0.411224
0.142429 0.404727 -0.411299
0.142429 0.406204 -0.411300
0.145427 0.406204 -0.411467
0.145427 0.413589 -0.411747
0.148426 0.413589 -0.411812
0.148426 0.416544 -0.411859
0.149925 0.416544 -0.411859
0.149925 0.423929 -0.412665
0.151424 0.423929 -0.412706
0.151424 0.426883 -0.412946
0.152924 0.426883 -0.412959
0.152924 0.431315 -0.413090
0.154423 0.431315 -0.413152
0.154423 0.434269 -0.413235
0.157421 0.434269 -0.413315
0.157421 0.438700 -0.413417
0.161919 0.438700 -0.413500
0.161919 0.446086 -0.413845
0.163418 0.446086 -0.413994
0.163418 0.447563 -0.414002
0.166417 0.447563 -0.414118
0.166417 0.450517 -0.414378
0.169415 0.450517 -0.414434
0.169415 0.451994 -0.414512
0.172414 0.451994 -0.414698
0.172414 0.453471 -0.414719
0.173913 0.453471 -0.414827
0.173913 0.457903 -0.414900
0.175412 0.457903 -0.415070
0.175412 0.463811 -0.415277
0.176912 0.463811 -0.415281
0.176912 0.471196 -0.416116
0.179910 0.471196 -0.416186
0.179910 0.472674 -0.416231
0.182909 0.472674 -0.416401
0.182909 0.474151 -0.416485
0.184408 0.474151 -0.416579
0.184408 0.481536 -0.416723
0.185907 0.481536 -0.416749
0.185907 0.485968 -0.416840
0.187406 0.485968 -0.416856
0.187406 0.488922 -0.416952
0.188906 0.488922 -0.416958
0.188906 0.490399 -0.416975
0.191904 0.490399 -0.417048
0.191904 0.496307 -0.417312
0.197901 0.496307 -0.417437
0.197901 0.497784 -0.417536
0.199400 0.497784 -0.417573
0.199400 0.503693 -0.417648
0.200900 0.503693 -0.417784
0.200900 0.505170 -0.417785
0.203898 0.505170 -0.417890
0.203898 0.506647 -0.418026
0.205397 0.506647 -0.418043
0.205397 0.509601 -0.418137
0.206897 0.509601 -0.418156
0.206897 0.511078 -0.418162
0.208396 0.511078 -0.418227
0.208396 0.512555 -0.418282
0.209895 0.512555 -0.418286
0.209895 0.516987 -0.418381
0.211394 0.516987 -0.418396
0.211394 0.521418 -0.418464
0.212894 0.521418 -0.418498
0.212894 0.536189 -0.418971
0.214393 0.536189 -0.418988
0.214393 0.540620 -0.419110
0.217391 0.540620 -0.419243
0.217391 0.542097 -0.419245
0.218891 0.542097 -0.419278
0.218891 0.545052 -0.419392
0.221889 0.545052 -0.419466
0.221889 0.548006 -0.419546
0.223388 0.548006 -0.419608
0.223388 0.555391 -0.419731
0.224888 0.555391 -0.419741
0.224888 0.556869 -0.419900
0.227886 0.556869 -0.419977
0.227886 0.558346 -0.419980
0.229385 0.558346 -0.420061
0.229385 0.559823 -0.420073
0.230885 0.559823 -0.420107
0.230885 0.570162 -0.420439
0.235382 0.570162 -0.420691
0.235382 0.574594 -0.421041
0.236882 0.574594 -0.421165
0.236882 0.586411 -0.421387
0.238381 0.586411 -0.421461
0.238381 0.592319 -0.421520
0.241379 0.592319 -0.421551
0.241379 0.593796 -0.421568
0.244378 0.593796 -0.421584
0.244378 0.601182 -0.421745
0.247376 0.601182 -0.421894
0.247376 0.607090 -0.422031
0.248876 0.607090 -0.422077
0.248876 0.617430 -0.422655
0.251874 0.617430 -0.422768
0.251874 0.618907 -0.422877
0.256372 0.618907 -0.423064
0.256372 0.621861 -0.423232
0.257871 0.621861 -0.423259
0.257871 0.626292 -0.423489
0.259370 0.626292 -0.423583
0.259370 0.632201 -0.423992
0.260870 0.632201 -0.424000
0.260870 0.639586 -0.424465
0.262369 0.639586 -0.424491
0.262369 0.642541 -0.424564
0.263868 0.642541 -0.424569
0.263868 0.646972 -0.424648
0.265367 0.646972 -0.424658
0.265367 0.652880 -0.424833
0.269865 0.652880 -0.424996
0.269865 0.654357 -0.425004
0.272864 0.654357 -0.425018
0.272864 0.663220 -0.425380
0.274363 0.663220 -0.425537
0.274363 0.664697 -0.425545
0.284858 0.664697 -0.425803
0.284858 0.667651 -0.425933
0.286357 0.667651 -0.425963
0.286357 0.670606 -0.426163
0.287856 0.670606 -0.426209
0.287856 0.675037 -0.426323
0.292354 0.675037 -0.426541
0.292354 0.676514 -0.426557
0.293853 0.676514 -0.426562
0.293853 0.677991 -0.426565
0.295352 0.677991 -0.426567
0.295352 0.679468 -0.426681
0.299850 0.679468 -0.426776
0.299850 0.680945 -0.426782
0.301349 0.680945 -0.426792
0.301349 0.685377 -0.426845
0.304348 0.685377 -0.426861
0.304348 0.686854 -0.426880
0.307346 0.686854 -0.427033
0.307346 0.697194 -0.427315
0.308846 0.697194 -0.427326
0.308846 0.701625 -0.427475
0.310345 0.701625 -0.427589
0.310345 0.707533 -0.427865
0.313343 0.707533 -0.428174
0.313343 0.709010 -0.428336
0.314843 0.709010 -0.428353
0.314843 0.713442 -0.428668
0.316342 0.713442 -0.428675
0.316342 0.714919 -0.428714
0.317841 0.714919 -0.428758
0.317841 0.716396 -0.428820
0.322339 0.716396 -0.429053
0.322339 0.719350 -0.429202
0.323838 0.719350 -0.429318
0.323838 0.722304 -0.429421
0.325337 0.722304 -0.429451
0.325337 0.728213 -0.429557
0.326837 0.728213 -0.429582
0.326837 0.729690 -0.429588
0.328336 0.729690 -0.429676
0.328336 0.734121 -0.429835
0.329835 0.734121 -0.430031
0.329835 0.735598 -0.430085
0.334333 0.735598 -0.430145
0.334333 0.737075 -0.430187
0.335832 0.737075 -0.430246
0.335832 0.740030 -0.430347
0.346327 0.740030 -0.430791
0.346327 0.741507 -0.430984
0.349325 0.741507 -0.431043
0.349325 0.744461 -0.431147
0.356822 0.744461 -0.431333
0.356822 0.747415 -0.431633
0.358321 0.747415 -0.431706
0.358321 0.762186 -0.432198
0.361319 0.762186 -0.432254
0.361319 0.763663 -0.432286
0.367316 0.763663 -0.432435
0.367316 0.765140 -0.432473
0.371814 0.765140 -0.432964
0.371814 0.771049 -0.433194
0.377811 0.771049 -0.433537
0.377811 0.774003 -0.433646
0.380810 0.774003 -0.433731
0.380810 0.779911 -0.433859
0.382309 0.779911 -0.434000
0.382309 0.782866 -0.434346
0.383808 0.782866 -0.434517
0.383808 0.785820 -0.434547
0.385307 0.785820 -0.434605
0.385307 0.787297 -0.434637
0.386807 0.787297 -0.434653
0.386807 0.788774 -0.434750
0.388306 0.788774 -0.434810
0.388306 0.796160 -0.435400
0.392804 0.796160 -0.435626
0.392804 0.797637 -0.435631
0.394303 0.797637 -0.435789
0.394303 0.800591 -0.435848
0.397301 0.800591 -0.435971
0.397301 0.802068 -0.436005
0.404798 0.802068 -0.436333
0.404798 0.807976 -0.436489
0.407796 0.807976 -0.436603
0.407796 0.815362 -0.437124
0.409295 0.815362 -0.437140
0.409295 0.816839 -0.437155
0.418291 0.816839 -0.437402
0.418291 0.818316 -0.437403
0.421289 0.818316 -0.437434
0.421289 0.824225 -0.437762
0.422789 0.824225 -0.437778
0.422789 0.825702 -0.437863
0.430285 0.825702 -0.438064
0.430285 0.827179 -0.438079
0.433283 0.827179 -0.438101
0.433283 0.828656 -0.438223
0.434783 0.828656 -0.438357
0.434783 0.830133 -0.438364
0.436282 0.830133 -0.438448
0.436282 0.833087 -0.438538
0.439280 0.833087 -0.438586
0.439280 0.836041 -0.439073
0.443778 0.836041 -0.439240
0.443778 0.843427 -0.439442
0.445277 0.843427 -0.439500
0.445277 0.844904 -0.439583
0.446777 0.844904 -0.439671
0.446777 0.846381 -0.440141
0.448276 0.846381 -0.440170
0.448276 0.847858 -0.440209
0.452774 0.847858 -0.440264
0.452774 0.849335 -0.440321
0.454273 0.849335 -0.440387
0.454273 0.852290 -0.440503
0.457271 0.852290 -0.440648
0.457271 0.853767 -0.440683
0.461769 0.853767 -0.440955
0.461769 0.856721 -0.441021
0.464768 0.856721 -0.441216
0.464768 0.861152 -0.441381
0.466267 0.861152 -0.441445
0.466267 0.862629 -0.441481
0.472264 0.862629 -0.441787
0.472264 0.867061 -0.442046
0.473763 0.867061 -0.442054
0.473763 0.871492 -0.442366
0.475262 0.871492 -0.442370
0.475262 0.872969 -0.442489
0.476762 0.872969 -0.442541
0.476762 0.874446 -0.442625
0.479760 0.874446 -0.442682
0.479760 0.877400 -0.442718
0.487256 0.877400 -0.443093
0.487256 0.878877 -0.443139
0.500750 0.878877 -0.443515
0.500750 0.880355 -0.443560
0.503748 0.880355 -0.443643
0.503748 0.881832 -0.443748
0.509745 0.881832 -0.443997
0.509745 0.883309 -0.444026
0.511244 0.883309 -0.444040
0.511244 0.889217 -0.444690
0.515742 0.889217 -0.444949
0.515742 0.890694 -0.445047
0.517241 0.890694 -0.445078
0.517241 0.892171 -0.445156
0.518741 0.892171 -0.445172
0.518741 0.895126 -0.445327
0.523238 0.895126 -0.445770
0.523238 0.896603 -0.445770
0.524738 0.896603 -0.445782
0.524738 0.898080 -0.446047
0.542729 0.898080 -0.447935
0.542729 0.899557 -0.448075
0.547226 0.899557 -0.448493
0.547226 0.901034 -0.448667
0.548726 0.901034 -0.448677
0.548726 0.902511 -0.449003
0.553223 0.902511 -0.449522
0.553223 0.903988 -0.449618
0.560720 0.903988 -0.450212
0.560720 0.905465 -0.450381
0.563718 0.905465 -0.450591
0.563718 0.906942 -0.450612
0.568216 0.906942 -0.450800
0.568216 0.909897 -0.450938
0.571214 0.909897 -0.451663
0.571214 0.912851 -0.451835
0.574213 0.912851 -0.451958
0.574213 0.914328 -0.451986
0.577211 0.914328 -0.452225
0.577211 0.917282 -0.452399
0.580210 0.917282 -0.452442
0.580210 0.918759 -0.452729
0.581709 0.918759 -0.452860
0.581709 0.920236 -0.453000
0.590705 0.920236 -0.453623
0.590705 0.921713 -0.453717
0.592204 0.921713 -0.453814
0.592204 0.924668 -0.454010
0.593703 0.924668 -0.454036
0.593703 0.926145 -0.454127
0.598201 0.926145 -0.454631
0.598201 0.927622 -0.454638
0.605697 0.927622 -0.455008
0.605697 0.929099 -0.455073
0.610195 0.929099 -0.455312
0.610195 0.930576 -0.455510
0.617691 0.930576 -0.455767
0.617691 0.932053 -0.455789
0.623688 0.932053 -0.455923
0.623688 0.933530 -0.456209
0.625187 0.933530 -0.456217
0.625187 0.936484 -0.456343
0.626687 0.936484 -0.456680
0.626687 0.937962 -0.456700
0.632684 0.937962 -0.457565
0.632684 0.940916 -0.457824
0.634183 0.940916 -0.457939
0.634183 0.942393 -0.458125
0.641679 0.942393 -0.458643
0.641679 0.943870 -0.458872
0.644678 0.943870 -0.459139
0.644678 0.945347 -0.459159
0.650675 0.945347 -0.459497
0.650675 0.946824 -0.459536
0.658171 0.946824 -0.460495
0.658171 0.949778 -0.460608
0.665667 0.949778 -0.461633
0.665667 0.952733 -0.461697
0.679160 0.952733 -0.462482
0.679160 0.954210 -0.462574
0.685157 0.954210 -0.462837
0.685157 0.955687 -0.463158
0.706147 0.955687 -0.464610
0.706147 0.957164 -0.464764
0.709145 0.957164 -0.464877
0.709145 0.960118 -0.465028
0.710645 0.960118 -0.465037
0.710645 0.961595 -0.465555
0.718141 0.961595 -0.465863
0.718141 0.963072 -0.466089
0.733133 0.963072 -0.467782
0.733133 0.964549 -0.467837
0.734633 0.964549 -0.467914
0.734633 0.967504 -0.468793
0.739130 0.967504 -0.469446
0.739130 0.968981 -0.469569
0.745127 0.968981 -0.470200
0.745127 0.970458 -0.470262
0.772114 0.970458 -0.474144
0.772114 0.971935 -0.474166
0.775112 0.971935 -0.474628
0.775112 0.973412 -0.474738
0.785607 0.973412 -0.475667
0.785607 0.974889 -0.475900
0.797601 0.974889 -0.477181
0.797601 0.976366 -0.477326
0.803598 0.976366 -0.478003
0.803598 0.977843 -0.478021
0.818591 0.977843 -0.481405
0.818591 0.979321 -0.481581
0.824588 0.979321 -0.482484
0.824588 0.980798 -0.482786
0.850075 0.980798 -0.487680
0.850075 0.982275 -0.487725
0.868066 0.982275 -0.490842
0.868066 0.983752 -0.490931
0.869565 0.983752 -0.491113
0.869565 0.985229 -0.491654
0.883058 0.985229 -0.493888
0.883058 0.986706 -0.494075
0.899550 0.986706 -0.497882
0.899550 0.989660 -0.498573
0.908546 0.989660 -0.499540
0.908546 0.991137 -0.499560
0.914543 0.991137 -0.501244
0.914543 0.992614 -0.501269
0.922039 0.992614 -0.501807
0.922039 0.994092 -0.502065
0.935532 0.994092 -0.504497
0.935532 0.995569 -0.505296
0.947526 0.995569 -0.507362
0.947526 0.997046 -0.507988
0.956522 0.997046 -0.510334
0.956522 0.998523 -0.510569
0.968516 0.998523 -0.517985
0.968516 1.000000 -0.518918
1.000000 1.000000 -0.570575
